1 0.052002 0.390842 0.101074 0.238095
1 0.146484 0.239194 0.094727 0.166300
1 0.313232 0.171429 0.084473 0.124542
1 0.569092 0.199634 0.061035 0.115018
1 0.690918 0.316484 0.078125 0.131868
1 0.865479 0.182051 0.059082 0.131136
1 0.970215 0.325641 0.059570 0.131136
1 0.939453 0.760073 0.105469 0.270330
1 0.848145 0.756044 0.071289 0.158242
1 0.474854 0.450183 0.059082 0.126740
1 0.292969 0.527473 0.102539 0.184615
1 0.649658 0.025641 0.021973 0.043956
2 0.038818 0.452015 0.065918 0.073260
2 0.154785 0.276557 0.070312 0.082784
2 0.320068 0.195238 0.051270 0.053480
2 0.568359 0.216484 0.046875 0.050549
2 0.685791 0.342125 0.052246 0.039560
2 0.854980 0.212821 0.050781 0.054945
2 0.971191 0.378022 0.057617 0.064469
2 0.920654 0.811722 0.062012 0.147985
2 0.849854 0.789744 0.040527 0.079121
2 0.475098 0.479853 0.045898 0.048352
2 0.404785 0.578388 0.051758 0.050549
2 0.305664 0.595238 0.050781 0.053480
2 0.650146 0.042125 0.011230 0.016850
1 0.406982 0.527839 0.069824 0.166300
