2 0.379487 0.452096 0.097436 0.105788
2 0.558974 0.446108 0.089744 0.089820
2 0.603846 0.649701 0.076923 0.097804
2 0.766026 0.306387 0.091026 0.101796
2 0.894231 0.322355 0.103846 0.113772
2 0.014744 0.221557 0.026923 0.067864
2 0.071795 0.158683 0.048718 0.053892
2 0.171795 0.134731 0.038462 0.053892
2 0.400000 0.206587 0.051282 0.053892
2 0.579487 0.155689 0.028205 0.059880
1 0.897436 0.249501 0.107692 0.235529
1 0.768590 0.262475 0.091026 0.185629
1 0.603846 0.592814 0.105128 0.179641
1 0.553846 0.380240 0.107692 0.193613
1 0.373077 0.386228 0.117949 0.229541
1 0.400000 0.167665 0.061538 0.119760
1 0.582692 0.105788 0.042308 0.083832
1 0.187821 0.107784 0.052564 0.103792
1 0.082051 0.118762 0.051282 0.101796
1 0.017949 0.176647 0.033333 0.109780
0 0.112821 0.236527 0.046154 0.093812
