2 0.498333 0.471111 0.041111 0.053333
2 0.168333 0.494074 0.045556 0.037037
2 0.239444 0.531111 0.030000 0.042963
2 0.338333 0.457778 0.012222 0.011852
2 0.947222 0.519259 0.078889 0.063704
4 0.023889 0.443704 0.038889 0.034074
4 0.590000 0.450370 0.055556 0.053333
4 0.558889 0.444444 0.008889 0.014815
1 0.024444 0.430370 0.040000 0.063704
1 0.167778 0.464444 0.062222 0.090370
1 0.257778 0.508889 0.044444 0.078519
1 0.508333 0.442222 0.074444 0.111111
1 0.600000 0.411852 0.075556 0.130370
1 0.337222 0.446667 0.016667 0.028148
1 0.951667 0.473333 0.094444 0.143704
