2 0.070417 0.472500 0.067500 0.090000
2 0.019167 0.295000 0.036667 0.060000
2 0.252083 0.291875 0.037500 0.036250
2 0.324167 0.338125 0.031667 0.051250
2 0.390000 0.361875 0.031667 0.051250
2 0.447083 0.345000 0.065833 0.090000
2 0.595000 0.418125 0.060000 0.068750
2 0.767083 0.296250 0.025833 0.037500
2 0.856250 0.248125 0.029167 0.031250
5 0.706667 0.313125 0.051667 0.051250
1 0.025833 0.257500 0.050000 0.097500
1 0.068750 0.421875 0.075833 0.168750
1 0.250417 0.273750 0.039167 0.085000
1 0.323750 0.310625 0.035833 0.098750
1 0.455000 0.291875 0.080000 0.138750
1 0.390833 0.321875 0.041667 0.088750
1 0.598333 0.375625 0.066667 0.126250
3 0.710000 0.275625 0.060000 0.091250
1 0.764583 0.285000 0.047500 0.100000
1 0.862083 0.235625 0.040833 0.058750
