2 0.225586 0.291789 0.091797 0.143695
2 0.492188 0.372434 0.085938 0.099707
2 0.894531 0.302053 0.023438 0.046921
4 0.715820 0.256598 0.033203 0.085044
4 0.802734 0.275660 0.031250 0.064516
4 0.952148 0.290323 0.021484 0.041056
4 0.988281 0.262463 0.019531 0.043988
1 0.209961 0.218475 0.126953 0.284457
1 0.485352 0.306452 0.095703 0.208211
1 0.702148 0.206745 0.056641 0.143695
1 0.799805 0.244868 0.044922 0.102639
1 0.889648 0.269795 0.029297 0.105572
1 0.952148 0.265396 0.021484 0.079179
1 0.988281 0.225806 0.019531 0.064516
