2 0.303711 0.572917 0.076172 0.093750
2 0.491211 0.564236 0.041016 0.062500
2 0.593750 0.506944 0.021484 0.045139
2 0.919434 0.518229 0.022461 0.036458
2 0.882324 0.460938 0.024414 0.029514
2 0.704102 0.447917 0.017578 0.027778
1 0.308594 0.516493 0.085938 0.178819
1 0.479004 0.532118 0.057617 0.109375
1 0.588867 0.487847 0.037109 0.072917
1 0.706543 0.431424 0.022461 0.046875
1 0.917480 0.498264 0.026367 0.062500
1 0.880371 0.442708 0.026367 0.052083
1 0.540039 0.502604 0.033203 0.085069
2 0.543945 0.514757 0.017578 0.032986
